buildName=13761-4.4.0.next-Analytics
buildHash=a8c95e4ee68bd61ad1b8c472b950de9301c1c027
buildTimestamp=2017-10-12T19:55:44+0000
buildNumber=4.4.0.13761
jobName=Analytics
version=4.4.0.13761